

launching GPU...


 -- running music visualizer -- 
0.000 0.010
0.000 0.016
0.000 0.014
0.000 0.011
0.000 0.012
0.000 0.009
0.000 0.010
0.000 0.013
0.000 0.008
0.000 0.009
0.000 0.013
0.000 0.012
0.000 0.011
0.000 0.010
0.000 0.011
0.000 0.009
0.000 0.012
0.000 0.011
0.000 0.026
0.000 0.055
0.000 0.032
0.000 0.043
0.000 0.036
0.000 0.220
0.000 0.043
0.000 0.015
0.000 0.011
0.000 0.011
0.000 0.011
0.000 0.013
0.000 0.016
0.000 0.010
0.000 0.011
0.000 0.197
0.000 0.028
0.000 3.382
0.000 0.270
0.000 2.294
0.000 0.521
0.000 10.543
0.000 8.111
0.000 18.350
0.000 6.694
0.033 21.172
0.000 9.432
0.000 24.101
0.000 3.235
0.000 38.156
0.000 2.463
0.000 0.968
0.000 0.705
0.000 0.879
0.000 1.096
0.000 0.199
0.000 0.358
0.000 0.106
0.000 0.048
0.000 0.157
0.000 0.131
0.000 0.036
0.000 0.010
0.000 0.015
0.000 0.011
0.000 0.010
0.000 0.011
0.000 0.014
0.000 0.011
0.000 0.013
0.000 0.016
0.000 0.012
0.000 0.010
0.000 0.011
0.000 0.010
0.000 0.014
0.000 0.016
0.000 0.009
0.000 0.014
0.000 0.014
0.000 0.011
0.000 0.009
0.000 0.016
0.000 0.012
0.000 0.010
0.000 0.018
0.000 0.013
0.000 0.013
0.000 0.011
0.000 0.013
0.000 0.013
0.000 0.012
0.000 0.012
0.000 0.013
0.000 0.011
0.001 142.844
0.001 31.882
0.002 14.618
0.000 10.569
